0 0.598190 0.571688 0.033148 0.063908
0 0.363391 0.573755 0.031724 0.060077
0 0.836028 0.567589 0.035217 0.063458
0 0.136285 0.403364 0.029667 0.054387
0 0.132945 0.575905 0.030897 0.059764
0 0.597855 0.392121 0.032459 0.055167
0 0.832636 0.389054 0.032286 0.055278
1 0.597345 0.547004 0.011404 0.013737
0 0.364944 0.396903 0.028810 0.052475
1 0.834414 0.543377 0.010575 0.012837
0 0.599491 0.741001 0.032884 0.047862
1 0.597079 0.371422 0.010465 0.013340
0 0.837460 0.740017 0.033918 0.051776
1 0.832035 0.368161 0.010170 0.012353
1 0.134422 0.382750 0.010866 0.011876
1 0.132020 0.553227 0.010998 0.012521