0 0.081821 0.702444 0.160358 0.594863
0 0.569465 0.744884 0.031326 0.096962
1 0.076606 0.463967 0.074742 0.115421
0 0.834648 0.722472 0.035796 0.138643
0 0.653491 0.712711 0.035179 0.176025
1 0.654989 0.637946 0.018596 0.024853
0 0.769108 0.743642 0.031449 0.072120
1 0.454398 0.669689 0.029548 0.041485
0 0.618344 0.738895 0.023577 0.102455
0 0.698932 0.716524 0.021311 0.100202
1 0.832328 0.664643 0.009939 0.016692
0 0.426565 0.801280 0.151704 0.308953
1 0.772781 0.716207 0.013014 0.016103
1 0.620238 0.696452 0.009267 0.014044
1 0.708935 0.664311 0.013307 0.018818