0 0.046694 0.720952 0.093388 0.508841
0 0.776101 0.277806 0.076268 0.350954
0 0.631587 0.395162 0.080566 0.291614
1 0.027946 0.508990 0.049087 0.079540
0 0.978592 0.157558 0.042816 0.240334
0 0.419282 0.655481 0.169818 0.572459
1 0.785188 0.106549 0.019750 0.038785
1 0.636899 0.271581 0.026991 0.038959
0 0.271435 0.183151 0.043658 0.136397
1 0.394971 0.412598 0.059273 0.088957
0 0.447184 0.194984 0.042541 0.120928
1 0.785731 0.157827 0.043379 0.068825
1 0.273621 0.128143 0.016788 0.023755
0 0.274561 0.810115 0.195685 0.379111