0 0.448645 0.281189 0.046651 0.102551
0 0.390066 0.283053 0.047552 0.106220
0 0.333063 0.282843 0.047264 0.101190
0 0.605404 0.279990 0.042941 0.099488
0 0.508547 0.278786 0.042374 0.097227
0 0.273663 0.284571 0.045437 0.100536
0 0.714924 0.276819 0.044431 0.097143
0 0.034586 0.288617 0.049427 0.102079
0 0.653373 0.279329 0.043267 0.102959
0 0.782183 0.278343 0.045432 0.102170
0 0.881190 0.277877 0.045154 0.099418
0 0.091644 0.287461 0.050421 0.105031
0 0.967822 0.276583 0.046541 0.098793
1 0.328699 0.242052 0.015734 0.019159
0 0.154326 0.285933 0.047328 0.098818
1 0.306522 0.462641 0.106496 0.160951
1 0.267857 0.243678 0.015059 0.017700
0 0.215159 0.285607 0.048267 0.101962
1 0.085055 0.243713 0.017767 0.018884
1 0.027409 0.245483 0.012350 0.016622
1 0.716392 0.238099 0.017116 0.018775
1 0.607419 0.238427 0.015077 0.018774
1 0.447165 0.239223 0.014444 0.017527
1 0.507569 0.239601 0.013542 0.019036
1 0.209401 0.243441 0.013655 0.018235
1 0.388908 0.239506 0.014877 0.019407
1 0.788478 0.236728 0.018440 0.020205
1 0.655088 0.237684 0.012599 0.017489
1 0.146531 0.245692 0.015359 0.016654
1 0.976256 0.237211 0.014893 0.018220
0 0.324885 0.689457 0.400965 0.619355
1 0.889409 0.237304 0.016975 0.023012