0 0.861212 0.439897 0.176297 0.476296
0 0.439983 0.590696 0.081828 0.080681
0 0.517907 0.544987 0.079665 0.181069
0 0.359491 0.595153 0.072901 0.076428
1 0.865223 0.240342 0.056437 0.073940
0 0.281463 0.595579 0.071181 0.079703
1 0.445511 0.572654 0.037396 0.045564
1 0.513533 0.477332 0.035492 0.043886
1 0.436422 0.383897 0.041057 0.047374
1 0.124975 0.384233 0.042066 0.047110
1 0.206000 0.578004 0.034898 0.041808
0 0.210847 0.594032 0.059385 0.073743
1 0.282323 0.573078 0.031248 0.038819
1 0.357932 0.576741 0.033855 0.041990
1 0.359199 0.479063 0.044604 0.049344
0 0.443913 0.494681 0.059637 0.077792
0 0.280181 0.399873 0.073458 0.081021
0 0.127725 0.499476 0.077554 0.265407
1 0.359243 0.389071 0.048302 0.057852
0 0.515550 0.400727 0.066926 0.080267
1 0.437928 0.477767 0.027533 0.041585
1 0.202140 0.384138 0.029955 0.041378
1 0.517912 0.380684 0.033561 0.039210
1 0.198852 0.482825 0.034444 0.044273
1 0.280674 0.380929 0.040186 0.042376
0 0.205576 0.498381 0.066954 0.074386
0 0.360156 0.538142 0.079092 0.173975
0 0.207182 0.400756 0.059910 0.075948
0 0.436888 0.401417 0.073607 0.081380
0 0.363204 0.436801 0.072026 0.151078
1 0.130325 0.579105 0.045005 0.052130
0 0.206162 0.448254 0.070632 0.174758
0 0.205409 0.542732 0.072207 0.167079