0 0.861594 0.432595 0.174744 0.573770
0 0.294725 0.463416 0.071142 0.075010
0 0.375007 0.563994 0.075789 0.096044
0 0.218066 0.458504 0.069802 0.072931
0 0.139795 0.575867 0.075085 0.118684
0 0.455405 0.555305 0.059498 0.076625
1 0.291613 0.539951 0.045476 0.050347
1 0.216311 0.442150 0.031163 0.040570
1 0.375548 0.539331 0.041433 0.047268
1 0.136559 0.444968 0.040377 0.050517
1 0.138424 0.538682 0.041081 0.045051
0 0.294457 0.556271 0.073862 0.079757
0 0.453877 0.414932 0.077564 0.182721
1 0.530333 0.444778 0.030184 0.043854
1 0.451343 0.538117 0.033413 0.043820
1 0.375555 0.442759 0.033224 0.041946
0 0.529616 0.556096 0.073801 0.075326
1 0.296307 0.445609 0.028307 0.039728
1 0.297535 0.348178 0.032837 0.048077
0 0.216178 0.553450 0.070995 0.078435
1 0.216415 0.534654 0.026275 0.039502
1 0.454773 0.350048 0.047345 0.053200
1 0.529361 0.538172 0.035038 0.039867
0 0.367466 0.460808 0.066232 0.079145
0 0.527827 0.508879 0.078459 0.171547
1 0.372605 0.349601 0.033946 0.048200
0 0.296556 0.366818 0.082516 0.086374
0 0.014729 0.703459 0.029459 0.341652
0 0.143299 0.461669 0.069030 0.081902
0 0.376167 0.367468 0.076935 0.085241
0 0.141692 0.505664 0.077661 0.168653