0 0.853682 0.432815 0.289005 0.558092
0 0.361441 0.412204 0.070070 0.088334
0 0.278852 0.420506 0.068306 0.091193
0 0.199539 0.539973 0.070529 0.101455
0 0.446244 0.542599 0.066417 0.096477
1 0.278818 0.395715 0.031022 0.041976
0 0.199235 0.415614 0.070290 0.097937
1 0.200539 0.513275 0.042867 0.048083
0 0.527895 0.478699 0.072442 0.225177
1 0.530341 0.390120 0.036934 0.047503
1 0.444846 0.521853 0.040923 0.051564
1 0.362327 0.389635 0.030950 0.047423
1 0.446553 0.395365 0.043970 0.053129
1 0.203951 0.391796 0.049737 0.050655
0 0.116713 0.540320 0.070474 0.105778
1 0.119635 0.391252 0.039910 0.053171
1 0.112807 0.513918 0.049137 0.054407
1 0.279833 0.513464 0.035028 0.048328
0 0.115433 0.414035 0.066099 0.098945
0 0.444953 0.413866 0.062111 0.089988
0 0.280052 0.535941 0.067175 0.092484
0 0.366295 0.536243 0.061670 0.085172
0 0.526040 0.413836 0.068685 0.092390
1 0.363320 0.515572 0.036161 0.047775
0 0.014473 0.711826 0.028947 0.318346