0 0.512820 0.369846 0.288232 0.522615
1 0.776976 0.118419 0.069326 0.111087
0 0.743491 0.346728 0.226351 0.572194
0 0.299943 0.393633 0.245574 0.478492
1 0.960108 0.174721 0.056165 0.084146
0 0.925701 0.383367 0.148549 0.501511
1 0.324667 0.203721 0.073744 0.091086
1 0.512565 0.151592 0.061040 0.081573
0 0.378606 0.934085 0.114976 0.130774
1 0.756796 0.914951 0.027398 0.041088
1 0.652716 0.895231 0.041688 0.047945
1 0.364165 0.887992 0.034914 0.037621
0 0.766236 0.945925 0.066643 0.106180
1 0.592508 0.906733 0.034222 0.044736
0 0.258542 0.933729 0.115000 0.132541
0 0.643793 0.935847 0.095505 0.126942
1 0.911883 0.912102 0.026252 0.034496
0 0.033813 0.436881 0.067084 0.273170
1 0.876050 0.917911 0.026661 0.035380
0 0.529933 0.951083 0.063932 0.095977
1 0.954279 0.905397 0.022144 0.031292
0 0.708529 0.944547 0.097347 0.110564
0 0.948834 0.945614 0.053328 0.106969
0 0.871145 0.949984 0.052755 0.098360
1 0.532713 0.920072 0.030496 0.034602
0 0.583674 0.942284 0.069660 0.113989
0 0.908826 0.947476 0.040283 0.097745
1 0.274506 0.882953 0.034499 0.031900
0 0.709352 0.917878 0.038944 0.061128
1 0.710674 0.911019 0.033344 0.046766