0 0.506410 0.602118 0.091768 0.206619
0 0.606331 0.630920 0.115016 0.307828
1 0.446609 0.511306 0.018859 0.022650
1 0.118591 0.511412 0.019879 0.021922
0 0.447415 0.546936 0.047701 0.093382
0 0.118603 0.550277 0.043709 0.098961
1 0.523668 0.515719 0.023502 0.033756
1 0.597317 0.504835 0.046514 0.058637
0 0.205544 0.609335 0.046162 0.131215
1 0.265168 0.511487 0.018369 0.022701
0 0.154081 0.554727 0.043137 0.091200
0 0.353463 0.549070 0.040114 0.086501
1 0.148078 0.518879 0.015882 0.020469
0 0.565585 0.552925 0.039903 0.108309
0 0.269966 0.557603 0.053563 0.112365
1 0.352121 0.516460 0.020015 0.019686
1 0.569369 0.511735 0.015993 0.021634
0 0.055521 0.714064 0.110914 0.567717